0101;29.50
0102;28.99
0103;36.99
0104;31.30
0105;31.63
0201;31.59
0202;35.09
0203;35.04
0204;37.87
0205;32.44
0301;26.79
0302;27.34
0303;27.64
0401;25.87
0402;25.41
0501;25.37
0502;23.10
0601;36.61
0602;34.03
0603;38.53
0604;35.36
0605;36.57
0606;33.00
0607;32.53
0608;37.59
0609;34.74
0701;27.06
0702;24.49
0703;19.43
0801;33.53
0802;37.79
0803;31.99
0901;19.40
0902;23.14
1001;28.97
1002;29.44
1003;33.46
1101;27.64
1102;30.84
1103;20.27
1201;22.40
1202;19.51
1203;20.84
1301;40.33
1302;30.20
1303;46.94
1304;44.53
1305;33.94
1306;39.76
1307;60.29
1308;33.09
1309;34.70
1310;30.64
1311;34.40
1312;40.74
1313;37.73
1314;30.51
1315;30.91
1316;36.04
1401;23.80
1402;29.04
1403;30.24
1404;27.07
1405;23.83
1406;26.91
1501;23.09
1502;23.20
1601;29.56
1602;29.49
1603;26.00
1701;28.11
1702;29.53
1703;28.37
1704;28.10
1705;27.47
1801;28.69
1802;32.33
1803;28.84
1901;16.66
1902;23.07
2101;23.14
2102;29.39
2103;31.73
2104;22.07
2105;28.10
2201;24.21
2202;19.99
2203;20.87
2204;21.21
2205;19.04
2301;22.29
2401;23.57
2402;24.39
2403;16.77
2404;19.77
2501;29.17
2502;25.16
2503;30.80
2504;35.77
2505;31.01
2601;32.91
2602;33.66
2603;17.51
2604;28.61
2701;33.37
2702;28.09
2703;27.57
2704;31.06
2705;30.07
2801;29.54
2802;37.71
2803;32.57
2804;28.69
2901;22.21
2902;29.53
2903;26.26
2904;23.69
2905;26.09
2906;21.33
2907;21.40
2908;24.40
2A01;33.93
2A02;38.76
2B01;41.53
2B02;31.14
3001;40.36
3002;33.09
3003;30.23
3004;30.93
3005;26.93
3006;35.70
3101;24.29
3102;23.66
3103;16.63
3104;25.91
3105;28.23
3106;23.09
3107;27.44
3108;23.21
3109;26.66
3110;16.69
3201;19.34
3202;19.31
3301;28.56
3302;24.31
3303;28.47
3304;35.69
3305;29.20
3306;25.40
3307;23.16
3308;27.41
3309;26.26
3310;26.90
3311;29.79
3312;23.51
3401;34.30
3402;36.77
3403;26.63
3404;26.73
3405;27.66
3406;35.26
3407;30.64
3408;33.49
3409;35.03
3501;23.53
3502;18.80
3503;25.07
3504;27.79
3505;27.87
3506;25.60
3507;25.29
3508;20.99
3601;30.21
3602;25.54
3701;29.04
3702;25.79
3703;26.17
3704;27.90
3705;27.93
3801;18.34
3802;33.81
3803;30.76
3804;27.37
3805;25.83
3806;34.03
3807;29.90
3808;30.73
3809;27.66
3810;35.56
3901;24.70
3902;29.06
3903;25.86
4001;24.30
4002;25.10
4003;18.80
4101;28.29
4102;27.90
4103;24.50
4201;35.73
4202;35.80
4203;34.56
4204;31.71
4205;27.80
4206;27.59
4301;25.07
4302;23.96
4401;21.87
4402;19.84
4403;29.29
4404;26.11
4405;25.06
4406;30.96
4407;27.21
4408;32.41
4409;27.63
4410;26.31
4501;28.06
4502;31.27
4503;26.91
4504;31.73
4505;30.69
4506;28.87
4601;15.10
4602;15.21
4701;25.19
4702;24.07
4703;24.99
4801;16.61
4901;26.94
4902;27.44
4903;31.89
4904;28.81
4905;35.23
4906;31.74
4907;29.01
5001;29.37
5002;26.80
5003;27.10
5004;31.43
5101;37.74
5102;34.26
5103;35.34
5104;35.53
5105;29.97
5201;27.70
5202;32.40
5301;29.31
5302;31.07
5303;31.57
5401;31.06
5402;28.79
5403;46.67
5404;32.17
5405;30.89
5406;38.40
5501;30.67
5502;34.69
5601;21.97
5602;23.49
5603;27.64
5604;24.54
5605;27.04
5606;25.93
5701;41.99
5702;35.94
5703;35.43
5704;33.54
5705;41.50
5706;49.44
5707;42.06
5708;49.09
5709;40.77
5801;31.81
5802;24.29
5901;34.79
5902;33.57
5903;42.73
5904;30.61
5905;29.79
5906;24.71
5907;36.67
5908;53.41
5909;31.79
5910;45.69
5911;34.09
5912;36.47
5913;41.20
5914;31.86
5915;30.97
5916;39.60
5917;37.16
5918;35.46
5919;39.59
5920;43.40
5921;40.16
6001;31.64
6002;32.11
6003;40.73
6004;30.53
6005;32.29
6006;30.69
6007;33.90
6101;29.84
6102;27.59
6103;28.17
6201;28.74
6202;28.00
6203;40.30
6204;27.60
6205;35.94
6206;28.34
6207;40.04
6208;30.01
6209;31.10
6210;36.80
6211;39.14
6212;39.29
6301;33.50
6302;22.27
6303;22.27
6304;26.86
6305;26.89
6401;24.39
6402;23.36
6403;22.11
6404;21.36
6405;27.93
6406;27.26
6501;22.43
6502;25.16
6601;34.83
6602;33.20
6603;29.66
6604;29.07
6701;27.49
6702;31.61
6703;34.69
6704;31.26
6705;34.64
6706;33.94
6707;34.76
6708;38.29
6709;37.39
6801;36.71
6802;32.27
6803;35.94
6804;37.50
6805;39.86
6806;42.26
6901;22.84
6902;14.69
6903;18.43
6904;15.63
6905;22.40
6906;35.14
6907;44.17
6908;24.90
6909;30.03
6910;24.69
6911;30.51
6912;23.23
6913;33.77
6914;48.10
7001;24.59
7002;27.43
7101;29.23
7102;27.90
7103;28.61
7104;31.66
7105;32.84
7201;31.24
7202;38.79
7203;34.21
7204;34.70
7205;33.70
7301;27.99
7302;33.81
7303;24.77
7304;26.57
7401;30.24
7402;31.26
7403;34.51
7404;40.11
7405;37.30
7406;36.26
7501;19.61
7502;15.79
7503;21.80
7504;24.29
7505;18.33
7506;19.43
7507;15.61
7508;20.51
7509;21.71
7510;22.29
7511;14.10
7512;16.11
7513;20.76
7514;22.93
7515;23.57
7516;28.87
7517;33.70
7518;19.59
7601;27.53
7602;23.16
7603;36.40
7604;34.41
7605;29.76
7606;26.74
7607;32.77
7608;43.79
7609;28.87
7610;25.84
7701;38.37
7702;27.96
7703;33.31
7704;32.01
7705;36.86
7706;39.81
7707;38.87
7708;38.50
7709;38.21
7710;39.70
7711;42.07
7801;20.01
7802;16.61
7803;21.44
7804;21.66
7805;24.10
7806;27.26
7807;30.64
7808;41.07
7809;32.77
7810;20.80
7811;30.56
7812;26.40
7901;26.99
7902;28.33
7903;31.41
8001;34.40
8002;31.70
8003;24.76
8004;27.61
8005;29.71
8101;23.17
8102;21.81
8103;22.30
8201;25.59
8202;25.34
8301;33.76
8302;35.70
8303;30.11
8304;33.34
8305;35.19
8306;34.06
8307;36.57
8308;32.74
8401;39.44
8402;30.63
8403;32.99
8404;33.31
8405;29.34
8501;32.63
8502;27.86
8503;28.67
8504;31.09
8505;28.33
8601;27.51
8602;22.84
8603;25.86
8604;31.37
8701;25.03
8702;21.71
8703;24.90
8801;32.14
8802;31.34
8803;27.19
8804;26.74
8901;25.91
8902;28.57
8903;31.27
9001;30.24
9002;28.66
9101;45.34
9102;31.89
9103;28.39
9104;27.44
9105;17.76
9106;28.31
9107;36.04
9108;32.27
9109;34.63
9110;38.90
9201;45.40
9202;20.50
9203;21.17
9204;33.76
9205;27.97
9206;20.93
9207;20.71
9208;17.14
9209;19.70
9210;20.17
9211;24.76
9212;21.91
9213;19.00
9301;45.17
9302;53.16
9303;36.47
9304;54.01
9305;47.86
9306;43.13
9307;34.43
9308;37.70
9309;39.29
9310;47.66
9311;52.94
9312;45.93
9401;27.06
9402;41.97
9403;39.63
9404;32.04
9405;31.46
9406;21.83
9407;33.81
9408;22.53
9409;40.26
9410;35.94
9411;32.21
9501;29.99
9502;33.70
9503;33.51
9504;31.33
9505;47.20
9506;35.33
9507;40.09
9508;52.97
9509;45.91
9510;39.64
97101;64.13
97102;64.31
97103;62.70
97104;64.34
97201;71.43
97202;69.29
97203;69.70
97204;66.41
97301;61.04
97302;62.74
97401;58.50
97402;63.50
97403;52.57
97404;48.34
97405;55.96
97406;57.91
97407;58.13
97501;23.64
97601;41.21
97602;32.87
98601;-11.74
98701;37.69
98702;43.67
98703;38.10
98801;55.69
98802;51.86