6708	rgb(220, 60, 20)	38.29
2301	rgb(255,255,100)	22.29
0204	rgb(220, 60, 20)	37.87
7805	rgb(255,255,100)	24.1
7706	rgb(220, 60, 20)	39.81
5603	rgb(255,240,60)	27.64
97406	rgb(120, 0, 0)	57.91
9402	rgb(120, 0, 0)	41.97
7510	rgb(255,255,100)	22.29
7401	rgb(255, 180, 30)	30.24
0103	rgb(220, 60, 20)	36.99
8202	rgb(255,240,60)	25.34
6201	rgb(255, 180, 30)	28.74
1703	rgb(255, 180, 30)	28.37
1404	rgb(255,240,60)	27.07
3501	rgb(255,255,100)	23.53
4003	rgb(255,255,100)	18.8
6007	rgb(255, 120, 30)	33.9
4102	rgb(255,240,60)	27.9
8004	rgb(255,240,60)	27.61
1602	rgb(255, 180, 30)	29.49
1901	rgb(255,255,100)	16.66
3804	rgb(255,240,60)	27.37
8303	rgb(255, 180, 30)	30.11
6211	rgb(220, 60, 20)	39.14
4205	rgb(255,240,60)	27.8
9503	rgb(255, 120, 30)	33.51
3109	rgb(255,240,60)	26.66
5405	rgb(255, 180, 30)	30.89
5702	rgb(220, 60, 20)	35.94
7607	rgb(255, 120, 30)	32.77
5801	rgb(255, 120, 30)	31.81
5910	rgb(120, 0, 0)	45.69
7405	rgb(220, 60, 20)	37.3
7514	rgb(255,255,100)	22.93
9406	rgb(255,255,100)	21.83
7702	rgb(255,240,60)	27.96
5904	rgb(255, 180, 30)	30.61
7801	rgb(255,255,100)	20.01
97402	rgb(120, 0, 0)	63.5
3505	rgb(255,240,60)	27.87
8101	rgb(255,255,100)	23.17
6102	rgb(255,240,60)	27.59
6205	rgb(220, 60, 20)	35.94
9208	rgb(255,255,100)	17.14
3810	rgb(220, 60, 20)	35.56
3602	rgb(255,240,60)	25.54
3901	rgb(255,255,100)	24.7
9309	rgb(220, 60, 20)	39.29
3703	rgb(255,240,60)	26.17
0608	rgb(220, 60, 20)	37.59
6304	rgb(255,240,60)	26.86
4201	rgb(220, 60, 20)	35.73
8307	rgb(220, 60, 20)	36.57
6003	rgb(120, 0, 0)	40.73
3404	rgb(255,240,60)	26.73
1501	rgb(255,255,100)	23.09
7811	rgb(255, 180, 30)	30.56
5914	rgb(255, 120, 30)	31.86
5706	rgb(120, 0, 0)	49.44
7603	rgb(220, 60, 20)	36.4
0301	rgb(255,240,60)	26.79
2204	rgb(255,255,100)	21.21
5920	rgb(120, 0, 0)	43.4
2103	rgb(255, 120, 30)	31.73
5401	rgb(255, 120, 30)	31.06
7504	rgb(255,255,100)	24.29
9507	rgb(120, 0, 0)	40.09
7404	rgb(120, 0, 0)	40.11
5501	rgb(255, 180, 30)	30.67
9407	rgb(255, 120, 30)	33.81
7515	rgb(255,255,100)	23.57
0201	rgb(255, 120, 30)	31.59
5905	rgb(255, 180, 30)	29.79
7703	rgb(255, 120, 30)	33.31
5606	rgb(255,240,60)	25.93
97403	rgb(120, 0, 0)	52.57
1401	rgb(255,255,100)	23.8
3504	rgb(255,240,60)	27.79
6103	rgb(255, 180, 30)	28.17
4301	rgb(255,240,60)	25.07
6204	rgb(255,240,60)	27.6
9209	rgb(255,255,100)	19.7
9308	rgb(220, 60, 20)	37.7
3702	rgb(255,240,60)	25.79
3801	rgb(255,255,100)	18.34
6305	rgb(255,240,60)	26.89
0609	rgb(255, 120, 30)	34.74
8306	rgb(255, 120, 30)	34.06
8001	rgb(255, 120, 30)	34.4
6002	rgb(255, 120, 30)	32.11
3405	rgb(255,240,60)	27.66
7810	rgb(255,255,100)	20.8
5915	rgb(255, 180, 30)	30.97
5707	rgb(120, 0, 0)	42.06
7602	rgb(255,255,100)	23.16
7901	rgb(255,240,60)	26.99
2205	rgb(255,255,100)	19.04
5921	rgb(120, 0, 0)	40.16
2102	rgb(255, 180, 30)	29.39
7505	rgb(255,255,100)	18.33
9506	rgb(220, 60, 20)	35.33
0205	rgb(255, 120, 30)	32.44
6709	rgb(220, 60, 20)	37.39
7707	rgb(220, 60, 20)	38.87
5602	rgb(255,255,100)	23.49
5901	rgb(255, 120, 30)	34.79
7804	rgb(255,255,100)	21.66
97407	rgb(120, 0, 0)	58.13
7511	rgb(255,255,100)	14.1
9403	rgb(220, 60, 20)	39.63
0102	rgb(255, 180, 30)	28.99
1702	rgb(255, 180, 30)	29.53
1801	rgb(255, 180, 30)	28.69
1405	rgb(255,255,100)	23.83
4002	rgb(255,240,60)	25.1
6006	rgb(255, 180, 30)	30.69
4103	rgb(255,255,100)	24.5
8005	rgb(255, 180, 30)	29.71
3401	rgb(255, 120, 30)	34.3
3805	rgb(255,240,60)	25.83
1603	rgb(255,240,60)	26.0
6210	rgb(220, 60, 20)	36.8
8302	rgb(220, 60, 20)	35.7
6301	rgb(255, 120, 30)	33.5
4204	rgb(255, 120, 30)	31.71
9502	rgb(255, 120, 30)	33.7
97601	rgb(120, 0, 0)	41.21
5404	rgb(255, 120, 30)	32.17
7501	rgb(255,255,100)	19.61
3108	rgb(255,255,100)	23.21
5703	rgb(220, 60, 20)	35.43
7606	rgb(255,240,60)	26.74
5911	rgb(255, 120, 30)	34.09
2201	rgb(255,255,100)	24.21
7205	rgb(255, 120, 30)	33.7
2B01	rgb(120, 0, 0)	41.53
9206	rgb(255,255,100)	20.93
2901	rgb(255,255,100)	22.21
2602	rgb(255, 120, 30)	33.66
2505	rgb(255, 120, 30)	31.01
9101	rgb(120, 0, 0)	45.34
97202	rgb(120, 0, 0)	69.29
7102	rgb(255,240,60)	27.9
3305	rgb(255, 180, 30)	29.2
1311	rgb(255, 120, 30)	34.4
8802	rgb(255, 120, 30)	31.34
6910	rgb(255,255,100)	24.69
8701	rgb(255,240,60)	25.03
6801	rgb(220, 60, 20)	36.71
4904	rgb(255, 180, 30)	28.81
6702	rgb(255, 120, 30)	31.61
6405	rgb(255,240,60)	27.93
9408	rgb(255,255,100)	22.53
3002	rgb(255, 120, 30)	33.09
9509	rgb(120, 0, 0)	45.91
3103	rgb(255,255,100)	16.63
4401	rgb(255,255,100)	21.87
8903	rgb(255, 120, 30)	31.27
6603	rgb(255, 180, 30)	29.66
5708	rgb(120, 0, 0)	49.09
1301	rgb(120, 0, 0)	40.33
0501	rgb(255,240,60)	25.37
2404	rgb(255,255,100)	19.77
0606	rgb(255, 120, 30)	33.0
2703	rgb(255,240,60)	27.57
5201	rgb(255,240,60)	27.7
7304	rgb(255,240,60)	26.57
9307	rgb(255, 120, 30)	34.43
2501	rgb(255, 180, 30)	29.17
2A02	rgb(220, 60, 20)	38.76
5003	rgb(255,240,60)	27.1
9105	rgb(255,255,100)	17.76
9202	rgb(255,255,100)	20.5
7201	rgb(255, 120, 30)	31.24
97101	rgb(120, 0, 0)	64.13
0703	rgb(255,255,100)	19.43
2905	rgb(255,240,60)	26.09
8402	rgb(255, 180, 30)	30.63
98801	rgb(120, 0, 0)	55.69
98702	rgb(120, 0, 0)	43.67
4504	rgb(255, 120, 30)	31.73
6401	rgb(255,255,100)	24.39
1103	rgb(255,255,100)	20.27
3006	rgb(220, 60, 20)	35.7
1315	rgb(255, 180, 30)	30.91
7708	rgb(220, 60, 20)	38.5
3301	rgb(255, 180, 30)	28.56
6706	rgb(255, 120, 30)	33.94
6805	rgb(220, 60, 20)	39.86
6914	rgb(120, 0, 0)	48.1
4801	rgb(255,255,100)	16.61
6904	rgb(255,255,100)	15.63
4702	rgb(255,255,100)	24.07
8604	rgb(255, 120, 30)	31.37
3311	rgb(255, 180, 30)	29.79
1305	rgb(255, 120, 30)	33.94
7609	rgb(255, 180, 30)	28.87
3107	rgb(255,240,60)	27.44
1002	rgb(255, 180, 30)	29.44
8503	rgb(255, 180, 30)	28.67
4405	rgb(255,240,60)	25.06
2804	rgb(255, 180, 30)	28.69
0901	rgb(255,255,100)	19.4
0602	rgb(255, 120, 30)	34.03
9303	rgb(220, 60, 20)	36.47
9212	rgb(255,255,100)	21.91
5102	rgb(255, 120, 30)	34.26
5002	rgb(255,240,60)	26.8
9104	rgb(255,240,60)	27.44
9203	rgb(255,255,100)	21.17
9312	rgb(120, 0, 0)	45.93
0801	rgb(255, 120, 30)	33.53
2904	rgb(255,255,100)	23.69
0702	rgb(255,255,100)	24.49
8403	rgb(255, 120, 30)	32.99
98703	rgb(220, 60, 20)	38.1
4505	rgb(255, 180, 30)	30.69
1102	rgb(255, 180, 30)	30.84
1314	rgb(255, 180, 30)	30.51
7709	rgb(220, 60, 20)	38.21
6804	rgb(220, 60, 20)	37.5
4901	rgb(255,240,60)	26.94
4602	rgb(255,255,100)	15.21
6707	rgb(255, 120, 30)	34.76
4703	rgb(255,255,100)	24.99
6905	rgb(255,255,100)	22.4
3310	rgb(255,240,60)	26.9
7608	rgb(120, 0, 0)	43.79
3201	rgb(255,255,100)	19.34
1304	rgb(120, 0, 0)	44.53
3106	rgb(255,255,100)	23.09
1003	rgb(255, 120, 30)	33.46
8502	rgb(255,240,60)	27.86
6501	rgb(255,255,100)	22.43
4404	rgb(255,240,60)	26.11
0603	rgb(220, 60, 20)	38.53
9302	rgb(120, 0, 0)	53.16
7301	rgb(255,240,60)	27.99
9213	rgb(255,255,100)	19.0
5103	rgb(220, 60, 20)	35.34
2401	rgb(255,255,100)	23.57
7204	rgb(255, 120, 30)	34.7
5301	rgb(255, 180, 30)	29.31
97104	rgb(120, 0, 0)	64.34
9207	rgb(255,255,100)	20.71
2603	rgb(255,255,100)	17.51
2504	rgb(220, 60, 20)	35.77
0401	rgb(255,240,60)	25.87
97203	rgb(120, 0, 0)	69.7
7103	rgb(255, 180, 30)	28.61
1201	rgb(255,255,100)	22.4
3304	rgb(220, 60, 20)	35.69
1310	rgb(255, 180, 30)	30.64
6911	rgb(255, 180, 30)	30.51
8803	rgb(255,240,60)	27.19
6703	rgb(255, 120, 30)	34.69
4905	rgb(220, 60, 20)	35.23
4501	rgb(255, 180, 30)	28.06
6404	rgb(255,255,100)	21.36
4410	rgb(255,240,60)	26.31
9409	rgb(120, 0, 0)	40.26
3003	rgb(255, 180, 30)	30.23
9508	rgb(120, 0, 0)	52.97
3102	rgb(255,255,100)	23.66
8902	rgb(255, 180, 30)	28.57
8601	rgb(255,240,60)	27.51
6901	rgb(255,255,100)	22.84
6602	rgb(255, 120, 30)	33.2
5709	rgb(120, 0, 0)	40.77
9001	rgb(255, 180, 30)	30.24
97302	rgb(120, 0, 0)	62.74
7002	rgb(255,240,60)	27.43
9110	rgb(220, 60, 20)	38.9
8308	rgb(255, 120, 30)	32.74
2801	rgb(255, 180, 30)	29.54
0607	rgb(255, 120, 30)	32.53
2702	rgb(255, 180, 30)	28.09
9306	rgb(120, 0, 0)	43.13
9107	rgb(220, 60, 20)	36.04
97204	rgb(120, 0, 0)	66.41
7104	rgb(255, 120, 30)	31.66
5001	rgb(255, 180, 30)	29.37
2503	rgb(255, 180, 30)	30.8
0802	rgb(220, 60, 20)	37.79
2907	rgb(255,255,100)	21.4
2604	rgb(255, 180, 30)	28.61
0701	rgb(255,240,60)	27.06
9311	rgb(120, 0, 0)	52.94
7203	rgb(255, 120, 30)	34.21
97103	rgb(120, 0, 0)	62.7
1101	rgb(255,240,60)	27.64
3004	rgb(255, 180, 30)	30.93
4506	rgb(255, 180, 30)	28.87
6403	rgb(255,255,100)	22.11
8804	rgb(255,240,60)	26.74
4902	rgb(255,240,60)	27.44
4601	rgb(255,255,100)	15.1
6704	rgb(255, 120, 30)	31.26
7809	rgb(255, 120, 30)	32.77
3303	rgb(255, 180, 30)	28.47
3202	rgb(255,255,100)	19.31
1307	rgb(120, 0, 0)	60.29
6906	rgb(220, 60, 20)	35.14
6502	rgb(255,240,60)	25.16
4407	rgb(255,240,60)	27.21
8501	rgb(255, 120, 30)	32.63
98601	rgb(255,255,100)	0.0
3105	rgb(255, 180, 30)	28.23
7302	rgb(255, 120, 30)	33.81
9210	rgb(255,255,100)	20.17
3808	rgb(255, 180, 30)	30.73
9301	rgb(120, 0, 0)	45.17
2705	rgb(255, 180, 30)	30.07
2402	rgb(255,255,100)	24.39
6209	rgb(255, 120, 30)	31.1
2903	rgb(255,240,60)	26.26
9204	rgb(255, 120, 30)	33.76
5302	rgb(255, 120, 30)	31.07
9103	rgb(255, 180, 30)	28.39
0402	rgb(255,240,60)	25.41
6803	rgb(220, 60, 20)	35.94
4906	rgb(255, 120, 30)	31.74
6912	rgb(255,255,100)	23.23
8703	rgb(255,255,100)	24.9
1313	rgb(220, 60, 20)	37.73
1202	rgb(255,255,100)	19.51
3307	rgb(255,255,100)	23.16
5908	rgb(120, 0, 0)	53.41
7518	rgb(255,255,100)	19.59
8404	rgb(255, 120, 30)	33.31
4502	rgb(255, 120, 30)	31.27
8505	rgb(255, 180, 30)	28.33
4403	rgb(255, 180, 30)	29.29
7508	rgb(255,255,100)	20.51
3101	rgb(255,255,100)	24.29
5918	rgb(220, 60, 20)	35.46
1303	rgb(120, 0, 0)	46.94
6902	rgb(255,255,100)	14.69
6601	rgb(255, 120, 30)	34.83
8901	rgb(255,240,60)	25.91
8602	rgb(255,255,100)	22.84
97301	rgb(120, 0, 0)	61.04
3408	rgb(255, 120, 30)	33.49
5104	rgb(220, 60, 20)	35.53
7001	rgb(255,255,100)	24.59
9002	rgb(255, 180, 30)	28.66
9305	rgb(120, 0, 0)	47.86
2802	rgb(220, 60, 20)	37.71
0604	rgb(220, 60, 20)	35.36
2701	rgb(255, 120, 30)	33.37
2902	rgb(255, 180, 30)	29.53
2601	rgb(255, 120, 30)	32.91
6208	rgb(255, 180, 30)	30.01
9205	rgb(255,240,60)	27.97
5303	rgb(255, 120, 30)	31.57
2B02	rgb(255, 120, 30)	31.14
97201	rgb(120, 0, 0)	71.43
3508	rgb(255,255,100)	20.99
7101	rgb(255, 180, 30)	29.23
5004	rgb(255, 120, 30)	31.43
9102	rgb(255, 120, 30)	31.89
6802	rgb(255, 120, 30)	32.27
4907	rgb(255, 180, 30)	29.01
6701	rgb(255,240,60)	27.49
8801	rgb(255, 120, 30)	32.14
6913	rgb(255, 120, 30)	33.77
8702	rgb(255,255,100)	21.71
1312	rgb(120, 0, 0)	40.74
5909	rgb(255, 120, 30)	31.79
1203	rgb(255,255,100)	20.84
3306	rgb(255,240,60)	25.4
3001	rgb(120, 0, 0)	40.36
3110	rgb(255,255,100)	16.69
8405	rgb(255, 180, 30)	29.34
4503	rgb(255,240,60)	26.91
6406	rgb(255,240,60)	27.26
8504	rgb(255, 120, 30)	31.09
4402	rgb(255,255,100)	19.84
7509	rgb(255,255,100)	21.71
5919	rgb(220, 60, 20)	39.59
1302	rgb(255, 180, 30)	30.2
6903	rgb(255,255,100)	18.43
8603	rgb(255,240,60)	25.86
0502	rgb(255,255,100)	23.1
5105	rgb(255, 180, 30)	29.97
3409	rgb(220, 60, 20)	35.03
9304	rgb(120, 0, 0)	54.01
5202	rgb(255, 120, 30)	32.4
0605	rgb(220, 60, 20)	36.57
2803	rgb(255, 120, 30)	32.57
9106	rgb(255, 180, 30)	28.31
2A01	rgb(255, 120, 30)	33.93
7105	rgb(255, 120, 30)	32.84
2502	rgb(255,240,60)	25.16
0803	rgb(255, 120, 30)	31.99
2906	rgb(255,255,100)	21.33
7202	rgb(220, 60, 20)	38.79
9310	rgb(120, 0, 0)	47.66
97102	rgb(120, 0, 0)	64.31
9201	rgb(120, 0, 0)	45.4
3005	rgb(255,240,60)	26.93
6402	rgb(255,255,100)	23.36
8401	rgb(220, 60, 20)	39.44
98802	rgb(120, 0, 0)	51.86
98701	rgb(220, 60, 20)	37.69
6705	rgb(255, 120, 30)	34.64
6806	rgb(120, 0, 0)	42.26
4903	rgb(255, 120, 30)	31.89
3302	rgb(255,255,100)	24.31
7808	rgb(120, 0, 0)	41.07
1316	rgb(220, 60, 20)	36.04
1306	rgb(220, 60, 20)	39.76
3312	rgb(255,255,100)	23.51
6907	rgb(120, 0, 0)	44.17
6604	rgb(255, 180, 30)	29.07
4701	rgb(255,240,60)	25.19
4406	rgb(255, 180, 30)	30.96
3104	rgb(255,240,60)	25.91
1001	rgb(255, 180, 30)	28.97
3809	rgb(255,240,60)	27.66
9211	rgb(255,255,100)	24.76
7303	rgb(255,255,100)	24.77
0902	rgb(255,255,100)	23.14
0601	rgb(220, 60, 20)	36.61
2704	rgb(255, 120, 30)	31.06
2403	rgb(255,255,100)	16.77
5101	rgb(220, 60, 20)	37.74
0105	rgb(255, 120, 30)	31.63
9404	rgb(255, 120, 30)	32.04
7516	rgb(255, 180, 30)	28.87
5502	rgb(255, 120, 30)	34.69
5906	rgb(255,255,100)	24.71
7803	rgb(255,255,100)	21.44
3309	rgb(255,240,60)	26.26
5605	rgb(255,240,60)	27.04
0202	rgb(220, 60, 20)	35.09
8103	rgb(255,255,100)	22.3
1402	rgb(255, 180, 30)	29.04
3507	rgb(255,240,60)	25.29
3903	rgb(255,240,60)	25.86
1705	rgb(255,240,60)	27.47
4302	rgb(255,255,100)	23.96
6207	rgb(120, 0, 0)	40.04
8305	rgb(220, 60, 20)	35.19
4203	rgb(255, 120, 30)	34.56
3701	rgb(255, 180, 30)	29.04
3802	rgb(255, 120, 30)	33.81
3406	rgb(220, 60, 20)	35.26
6001	rgb(255, 120, 30)	31.64
8002	rgb(255, 120, 30)	31.7
0303	rgb(255,240,60)	27.64
5704	rgb(255, 120, 30)	33.54
7601	rgb(255,240,60)	27.53
7902	rgb(255, 180, 30)	28.33
97501	rgb(255,255,100)	23.64
5916	rgb(220, 60, 20)	39.6
7710	rgb(220, 60, 20)	39.7
9505	rgb(120, 0, 0)	47.2
5403	rgb(120, 0, 0)	46.67
7506	rgb(255,255,100)	19.43
2101	rgb(255,255,100)	23.14
7704	rgb(255, 120, 30)	32.01
5601	rgb(255,255,100)	21.97
5902	rgb(255, 120, 30)	33.57
7807	rgb(255, 180, 30)	30.64
97404	rgb(120, 0, 0)	48.34
0101	rgb(255, 180, 30)	29.5
7403	rgb(255, 120, 30)	34.51
7512	rgb(255,255,100)	16.11
1701	rgb(255, 180, 30)	28.11
1802	rgb(255, 120, 30)	32.33
6203	rgb(120, 0, 0)	40.3
4001	rgb(255,255,100)	24.3
1406	rgb(255,240,60)	26.91
3503	rgb(255,240,60)	25.07
9109	rgb(255, 120, 30)	34.63
3402	rgb(220, 60, 20)	36.77
6005	rgb(255, 120, 30)	32.29
6302	rgb(255,255,100)	22.27
8301	rgb(255, 120, 30)	33.76
3806	rgb(255, 120, 30)	34.03
3705	rgb(255,240,60)	27.93
97602	rgb(255, 120, 30)	32.87
7502	rgb(255,255,100)	15.79
9410	rgb(220, 60, 20)	35.94
9501	rgb(255, 180, 30)	29.99
2105	rgb(255, 180, 30)	28.1
4409	rgb(255,240,60)	27.63
6908	rgb(255,255,100)	24.9
2202	rgb(255,255,100)	19.99
5912	rgb(220, 60, 20)	36.47
1309	rgb(255, 120, 30)	34.7
7605	rgb(255, 180, 30)	29.76
5903	rgb(120, 0, 0)	42.73
7806	rgb(255,240,60)	27.26
7705	rgb(220, 60, 20)	36.86
97405	rgb(120, 0, 0)	55.96
7402	rgb(255, 120, 30)	31.26
9510	rgb(220, 60, 20)	39.64
9401	rgb(255,240,60)	27.06
7513	rgb(255,255,100)	20.76
1803	rgb(255, 180, 30)	28.84
2908	rgb(255,255,100)	24.4
6202	rgb(255,240,60)	28.0
8201	rgb(255,240,60)	25.59
3502	rgb(255,255,100)	18.8
9108	rgb(255, 120, 30)	32.27
3403	rgb(255,240,60)	26.63
6004	rgb(255, 180, 30)	30.53
4101	rgb(255, 180, 30)	28.29
6303	rgb(255,255,100)	22.27
4206	rgb(255,240,60)	27.59
6212	rgb(220, 60, 20)	39.29
3704	rgb(255,240,60)	27.9
1601	rgb(255, 180, 30)	29.56
1902	rgb(255,255,100)	23.07
3807	rgb(255, 180, 30)	29.9
9411	rgb(255, 120, 30)	32.21
5406	rgb(220, 60, 20)	38.4
7503	rgb(255,255,100)	21.8
4408	rgb(255, 120, 30)	32.41
2104	rgb(255,255,100)	22.07
2203	rgb(255,255,100)	20.87
6909	rgb(255, 180, 30)	30.03
5913	rgb(120, 0, 0)	41.2
5701	rgb(120, 0, 0)	41.99
7604	rgb(255, 120, 30)	34.41
1308	rgb(255, 120, 30)	33.09
5802	rgb(255,255,100)	24.29
0104	rgb(255, 120, 30)	31.3
7517	rgb(255, 120, 30)	33.7
9405	rgb(255, 120, 30)	31.46
7406	rgb(220, 60, 20)	36.26
7701	rgb(220, 60, 20)	38.37
5604	rgb(255,255,100)	24.54
3308	rgb(255,240,60)	27.41
5907	rgb(220, 60, 20)	36.67
7802	rgb(255,255,100)	16.61
97401	rgb(120, 0, 0)	58.5
7610	rgb(255,240,60)	25.84
0203	rgb(220, 60, 20)	35.04
6101	rgb(255, 180, 30)	29.84
8102	rgb(255,255,100)	21.81
1403	rgb(255, 180, 30)	30.24
3506	rgb(255,240,60)	25.6
1704	rgb(255, 180, 30)	28.1
3601	rgb(255, 180, 30)	30.21
3902	rgb(255, 180, 30)	29.06
6206	rgb(255, 180, 30)	28.34
8304	rgb(255, 120, 30)	33.34
4202	rgb(220, 60, 20)	35.8
3803	rgb(255, 180, 30)	30.76
3407	rgb(255, 180, 30)	30.64
1502	rgb(255,255,100)	23.2
8003	rgb(255,255,100)	24.76
0302	rgb(255,240,60)	27.34
7903	rgb(255, 120, 30)	31.41
5705	rgb(120, 0, 0)	41.5
7711	rgb(120, 0, 0)	42.07
7812	rgb(255,240,60)	26.4
5917	rgb(220, 60, 20)	37.16
9504	rgb(255, 120, 30)	31.33
5402	rgb(255, 180, 30)	28.79
7507	rgb(255,255,100)	15.61
